1.624514086081395137e+00
6.746238222375313676e-01
3.415525563003638965e+00
2.219012208162838284e+00
6.392454857729859441e+00
8.462448369443222873e+00
9.631443523885236502e+00
7.975059025675449220e+00
9.537276072352645073e+00
1.095658738190256187e+01
1.141588281639912239e+01
1.595774168645365876e+01
1.320957329957722770e+01
1.408489630170319984e+01
1.398304373227445474e+01
1.939626541618654088e+01
1.491044995924881533e+01
1.876487927490704166e+01
1.907374083812028687e+01
2.084066257602042782e+01
2.248861244364843515e+01
2.238434171283768137e+01
2.358820539837925878e+01
2.234572298942510926e+01
2.593162969829620224e+01
2.811141858293531115e+01
2.964405688378823100e+01
3.077418865861140773e+01
3.112802075138980484e+01
3.245764003187289859e+01
3.195600232397428897e+01
3.339747375592994416e+01
3.289995767260711546e+01
3.818734799695406679e+01
3.128313132223616577e+01
3.544177131282310711e+01
4.116761026545158586e+01
4.114204144912609706e+01
3.831490825347547258e+01
3.897399069475796551e+01
4.517163039135156311e+01
3.885997816568066554e+01
4.419794156554487330e+01
4.627952644009583594e+01
4.538091826189689471e+01
4.857704011561894930e+01
4.639520967681956165e+01
4.731024009400115915e+01
4.924571051703495073e+01
5.026300270377877411e+01
4.845144484803448393e+01
5.499854769094179119e+01
5.117849919939790482e+01
5.663294379629504505e+01
5.609962422721562803e+01
5.671128729521314682e+01
5.738730816212981978e+01
5.840162800250701025e+01
5.607458804072377490e+01
6.039173112370836805e+01
6.122247131517913488e+01
6.283763462415060985e+01
6.585063552285976129e+01
6.539983002329952910e+01
6.605256210270545125e+01
6.633322866698723885e+01
6.821264245696393402e+01
6.703545048032108866e+01
6.782936229325952127e+01
6.927654521383325914e+01
7.246973382891776794e+01
7.271271808478235243e+01
7.500536134031426627e+01
7.552380945476004115e+01
7.381230656989637851e+01
7.794122251645289623e+01
7.650038134913133092e+01
7.762052278028190244e+01
7.783202071844284831e+01
8.346582201441157167e+01
8.143498277790745021e+01
8.190177051187438906e+01
8.662862800161063603e+01
8.278436055707393848e+01
8.460171760022268472e+01
8.347185980017549412e+01
8.724529919415483903e+01
9.083582608851406803e+01
8.704135650175051353e+01
9.092990935373622108e+01
9.404674585232289985e+01
8.986899579721202258e+01
9.154387864795339169e+01
9.495108193205219038e+01
9.781545093515396161e+01
9.202104258517921664e+01
9.545722426961643237e+01
9.852003304931626815e+01
1.013104653787762715e+02
1.051892331115272867e+02
9.952658924694000575e+01
